"0.0","4.0","4.123105625617661","6.082762530298219","5.0","8.246211251235321","9.055385138137417","8.94427190999916","8.48528137423857","11.40175425099138","11.40175425099138","12.206555615733702"
"4.0","0.0","5.0","2.23606797749979","3.0","4.47213595499958","5.0990195135927845","8.0","6.324555320336759","7.615773105863909","9.486832980505138","9.219544457292887"
"4.123105625617661","5.0","0.0","5.830951894845301","3.1622776601683795","7.280109889280518","8.54400374531753","5.0","5.385164807134504","10.04987562112089","7.810249675906654","9.486832980505138"
"6.082762530298219","2.23606797749979","5.830951894845301","0.0","2.8284271247461903","2.23606797749979","3.0","7.280109889280518","5.0","5.385164807134504","8.06225774829855","7.211102550927978"
"5.0","3.0","3.1622776601683795","2.8284271247461903","0.0","4.123105625617661","5.385164807134504","5.0","3.605551275463989","7.0","6.708203932499369","7.211102550927978"
"8.246211251235321","4.47213595499958","7.280109889280518","2.23606797749979","4.123105625617661","0.0","1.4142135623730951","7.211102550927978","4.47213595499958","3.1622776601683795","7.0710678118654755","5.385164807134504"
"9.055385138137417","5.0990195135927845","8.54400374531753","3.0","5.385164807134504","1.4142135623730951","0.0","8.602325267042627","5.830951894845301","2.8284271247461903","8.246211251235321","6.082762530298219"
"8.94427190999916","8.0","5.0","7.280109889280518","5.0","7.211102550927978","8.602325267042627","0.0","2.8284271247461903","8.602325267042627","3.1622776601683795","6.082762530298219"
"8.48528137423857","6.324555320336759","5.385164807134504","5.0","3.605551275463989","4.47213595499958","5.830951894845301","2.8284271247461903","0.0","5.830951894845301","3.1622776601683795","4.123105625617661"
"11.40175425099138","7.615773105863909","10.04987562112089","5.385164807134504","7.0","3.1622776601683795","2.8284271247461903","8.602325267042627","5.830951894845301","0.0","7.211102550927978","4.123105625617661"
"11.40175425099138","9.486832980505138","7.810249675906654","8.06225774829855","6.708203932499369","7.0710678118654755","8.246211251235321","3.1622776601683795","3.1622776601683795","7.211102550927978","0.0","3.605551275463989"
"12.206555615733702","9.219544457292887","9.486832980505138","7.211102550927978","7.211102550927978","5.385164807134504","6.082762530298219","6.082762530298219","4.123105625617661","4.123105625617661","3.605551275463989","0.0"
